50,23
50,443
50,440
50,441
50,1
23,443
23,441
23,1
443,440
443,441
443,1
440,441
440,1
441,1
30,454
30,50
30,25
30,2
446,454
446,50
446,25
446,2
454,50
454,25
50,25
50,2
25,2
63,37
63,96
63,428
63,47
63,3
37,96
37,47
37,3
96,428
96,47
96,3
428,47
428,3
47,3
48,405
48,16
48,474
48,407
48,4
405,474
405,407
405,4
16,474
16,407
16,4
474,407
474,4
407,4
94,425
94,424
94,47
94,13
425,424
425,484
425,13
424,484
424,47
424,13
484,47
484,13
47,13
50,152
50,438
50,15
50,442
50,14
152,438
152,15
152,442
152,14
438,15
438,442
438,14
15,442
15,14
442,14
441,459
441,66
441,537
441,55
441,15
459,66
459,537
459,55
459,15
66,537
66,55
66,15
537,55
537,15
55,15
403,52
403,406
403,80
403,473
403,16
52,406
52,80
52,473
52,16
406,80
406,473
406,16
80,473
80,16
473,16
152,460
152,536
152,32
152,537
152,20
460,536
460,32
460,537
536,32
536,537
536,20
32,537
32,20
537,20
72,14
72,100
72,35
72,66
72,23
14,100
14,35
14,66
14,23
100,35
100,66
100,23
35,66
35,23
66,23
453,181
453,96
453,451
453,152
181,96
181,451
181,152
181,25
96,451
96,152
96,25
451,152
451,25
152,25
152,68
152,459
152,462
152,38
152,28
68,459
68,462
68,38
68,28
459,462
459,38
462,28
38,28
63,451
63,182
63,69
63,30
451,182
451,445
451,30
182,445
182,69
182,30
445,69
445,30
69,30
464,56
464,66
464,96
464,69
56,66
56,96
56,69
56,31
66,96
66,69
66,31
96,69
96,31
69,31
457,540
457,470
457,86
457,33
540,470
540,86
540,33
540,32
470,86
470,32
86,33
86,32
33,32
50,537
50,110
50,119
50,539
50,33
537,110
537,119
537,539
537,33
110,119
110,539
110,33
119,33
539,33
152,519
152,443
152,55
152,521
152,35
519,443
519,55
519,521
519,35
443,55
443,521
443,35
55,521
55,35
521,35
409,480
409,83
409,192
409,36
42,480
42,83
42,192
42,36
480,192
480,36
83,192
83,36
192,36
181,66
181,425
181,111
181,445
181,37
66,425
66,111
66,445
66,37
425,111
425,445
425,37
111,445
111,37
445,37
121,537
121,540
121,465
121,458
121,38
537,540
537,465
537,458
537,38
540,465
540,458
540,38
465,458
465,38
458,38
408,400
408,59
408,649
408,587
408,42
400,59
400,649
400,587
400,42
59,649
59,587
59,42
649,587
649,42
587,42
36,245
36,542
36,196
36,44
245,542
245,196
245,408
245,44
542,408
542,44
196,408
196,44
408,44
152,66
152,434
152,540
152,70
152,46
66,434
66,540
66,70
66,46
434,540
434,46
540,70
540,46
70,46
507,181
507,183
507,455
507,581
507,47
181,183
181,455
181,581
181,47
183,455
183,47
455,581
455,47
581,47
406,477
406,106
406,548
406,422
477,548
477,422
477,48
106,548
106,422
106,48
548,422
548,48
422,48
459,460
459,457
459,465
459,618
459,50
460,457
460,465
460,618
460,50
457,465
457,618
457,50
465,618
465,50
618,50
474,477
474,568
474,109
474,492
474,52
477,568
477,109
477,492
477,52
568,109
568,492
568,52
109,492
109,52
492,52
72,522
72,438
72,599
72,434
72,55
522,438
522,599
522,434
522,55
438,599
438,434
599,434
599,55
434,55
454,181
454,67
454,63
454,456
454,56
181,67
181,63
181,456
181,56
67,63
67,56
63,456
63,56
456,56
587,189
587,417
587,192
587,58
180,189
180,417
180,192
180,58
189,417
189,192
189,58
417,192
192,58
180,294
180,588
180,511
180,132
180,59
294,588
294,511
294,132
294,59
588,511
588,132
588,59
511,59
132,59
422,492
422,497
422,495
422,519
492,497
492,495
492,519
492,60
497,495
497,519
497,60
495,519
495,60
519,60
446,152
446,265
446,200
446,463
446,63
152,265
152,200
152,463
152,63
265,200
265,463
265,63
200,463
200,63
463,63
456,451
456,463
456,2
456,523
456,66
451,463
451,2
451,523
451,66
463,2
463,523
463,66
2,523
2,66
523,66
96,50
96,265
96,540
96,185
96,67
50,265
50,540
50,185
50,67
265,540
265,185
265,67
540,185
540,67
185,67
465,538
465,66
465,711
465,20
538,66
538,711
538,20
538,68
66,711
66,20
66,68
711,20
711,68
20,68
181,165
181,50
181,609
181,200
181,69
165,50
165,609
165,200
165,69
50,609
50,200
50,69
609,69
200,69
521,537
521,433
521,438
521,181
521,70
537,433
537,438
537,181
537,70
433,438
433,181
433,70
438,181
438,70
181,70
517,50
517,521
517,170
517,101
517,72
50,521
50,170
50,101
50,72
521,170
521,101
170,101
170,72
101,72
587,294
587,295
587,510
587,585
587,73
294,295
294,510
294,585
294,73
295,510
295,585
295,73
510,585
510,73
585,73
474,106
474,267
474,173
474,547
106,267
106,173
106,547
106,80
267,173
267,547
267,80
173,547
173,80
547,80
408,551
408,155
408,189
408,486
408,83
551,189
551,486
551,83
155,189
155,486
155,83
189,486
189,83
486,83
152,110
152,620
152,135
152,143
152,86
110,620
110,135
110,143
110,86
620,135
620,143
620,86
135,143
135,86
143,86
152,91
152,526
152,101
152,275
152,87
91,526
91,101
91,275
91,87
526,101
526,275
526,87
101,275
101,87
275,87
519,170
519,592
519,181
519,594
170,181
170,594
170,91
592,181
592,594
592,91
181,594
181,91
594,91
488,576
488,183
488,555
488,94
576,183
576,555
576,116
576,94
183,555
183,116
183,94
555,116
555,94
116,94
697,456
697,455
697,610
697,187
697,96
456,455
456,610
456,187
456,96
455,610
455,187
455,96
610,96
187,96
265,170
265,147
265,522
265,275
265,100
170,147
170,522
170,275
170,100
147,522
147,275
147,100
522,275
522,100
275,100
592,522
592,135
592,130
592,601
592,101
522,135
522,130
522,601
135,130
135,601
135,101
130,601
130,101
601,101
592,154
592,492
592,149
592,124
592,104
154,492
154,149
154,124
154,104
492,149
492,124
149,124
149,104
124,104
109,223
109,546
109,263
109,640
109,106
223,546
223,263
223,640
223,106
546,263
546,640
546,106
263,640
263,106
640,106
275,572
275,341
275,376
275,104
275,107
572,341
572,376
572,104
572,107
341,376
341,104
341,107
376,104
376,107
104,107
267,548
267,638
267,545
267,639
267,109
548,638
548,545
548,639
548,109
638,545
638,639
638,109
545,639
545,109
639,109
185,627
185,465
185,147
185,46
185,110
627,465
627,147
627,46
627,110
465,147
465,46
465,110
147,46
147,110
46,110
96,205
96,576
96,507
96,673
96,111
205,576
205,507
205,673
205,111
576,507
576,673
576,111
507,673
673,111
581,556
581,658
581,177
581,111
581,116
556,658
556,111
556,116
658,177
658,111
658,116
177,111
177,116
111,116
152,147
152,626
152,538
152,628
152,119
147,538
147,628
147,119
626,538
626,628
626,119
538,628
538,119
628,119
180,510
180,583
180,139
180,186
180,120
510,583
510,139
510,186
583,139
583,120
139,186
139,120
186,120
50,617
50,536
50,163
50,135
50,121
617,536
617,163
617,135
617,121
536,163
536,135
163,135
163,121
135,121
497,275
497,263
497,599
497,158
275,263
275,599
275,158
275,124
263,599
263,158
263,124
599,158
599,124
158,124
152,376
152,150
152,599
152,178
152,130
376,150
376,599
376,178
376,130
150,599
150,178
150,130
599,130
178,130
587,145
587,683
587,258
587,399
587,132
145,683
145,258
145,399
145,132
683,399
683,132
258,399
258,132
399,132
538,537
538,221
538,627
538,462
537,221
537,627
537,462
537,135
221,627
221,462
221,135
627,462
627,135
462,135
587,515
587,584
587,304
587,319
587,139
515,584
515,304
515,319
584,304
584,319
584,139
304,319
304,139
319,139
628,50
628,627
628,624
628,66
628,143
50,627
50,624
50,66
50,143
627,624
627,66
624,66
624,143
66,143
180,295
180,515
180,202
180,678
180,145
295,515
295,202
295,678
295,145
515,202
515,678
515,145
202,678
202,145
678,145
275,781
275,780
275,168
275,316
275,146
781,780
781,168
781,316
781,146
780,168
780,316
780,146
168,316
168,146
316,146
50,239
50,86
50,718
50,266
50,147
239,86
239,718
239,266
239,147
86,718
86,266
86,147
718,147
266,147
571,275
571,568
571,662
571,569
571,149
275,568
275,662
275,569
275,149
568,662
568,569
662,569
662,149
569,149
50,601
50,191
50,781
50,526
50,150
601,191
601,781
601,526
191,781
191,526
191,150
781,526
781,150
526,150
121,214
121,623
121,160
121,618
121,152
214,160
214,618
214,152
623,160
623,618
623,152
160,618
160,152
618,152
275,570
275,248
275,696
275,216
275,154
570,248
570,696
570,216
248,696
248,216
248,154
696,216
696,154
216,154
649,192
649,352
649,552
649,272
649,155
192,352
192,552
192,272
192,155
352,552
352,272
352,155
552,272
552,155
272,155
566,184
566,576
566,204
566,265
184,576
184,204
184,265
184,157
576,204
576,265
576,157
204,265
204,157
265,157
104,569
104,660
104,570
104,233
104,158
569,660
569,570
569,233
660,570
660,233
660,158
570,233
570,158
233,158
50,212
50,225
50,620
50,710
50,160
212,225
212,620
212,710
212,160
225,620
225,710
225,160
620,710
710,160
214,239
214,181
214,540
214,620
214,163
239,181
239,540
239,620
239,163
181,540
181,620
181,163
540,620
540,163
620,163
293,194
293,611
293,265
293,612
293,165
194,265
194,612
194,165
611,265
611,612
611,165
265,612
265,165
612,165
104,574
104,497
104,216
104,662
104,168
574,497
574,216
574,662
497,216
497,662
497,168
216,662
216,168
662,168
376,781
376,353
376,96
376,170
782,781
782,353
782,96
782,170
781,353
781,96
781,170
353,96
353,170
96,170
546,249
546,548
546,473
546,633
546,173
249,548
249,473
249,633
249,173
548,473
548,633
473,633
473,173
633,173
555,255
555,556
555,261
555,651
255,556
255,261
255,174
556,261
556,651
556,174
261,651
261,174
651,174
576,565
576,655
576,174
576,652
576,177
565,655
565,174
565,652
565,177
655,174
655,652
655,177
174,652
174,177
652,177
601,270
601,341
601,265
601,181
601,178
270,341
270,265
270,181
270,178
341,265
341,181
341,178
265,181
265,178
181,178
683,682
683,584
683,685
683,585
683,180
682,584
682,685
682,585
682,180
584,685
584,585
584,180
685,585
685,180
585,180
610,611
610,182
610,603
610,703
610,181
611,182
611,603
611,703
611,181
182,603
182,703
182,181
603,703
603,181
703,181
265,609
265,324
265,66
265,187
265,182
609,324
609,66
609,187
609,182
324,66
324,187
324,182
66,187
66,182
187,182
228,658
228,582
228,578
228,263
228,183
658,582
658,578
658,263
658,183
582,578
582,263
582,183
578,263
578,183
263,183
292,564
292,565
292,399
292,294
292,184
564,565
564,399
564,294
565,399
565,294
565,184
399,294
399,184
294,184
266,538
266,539
266,160
266,143
266,185
538,539
538,160
538,143
538,185
539,160
539,143
539,185
160,143
160,185
143,185
587,511
587,202
587,762
587,685
587,186
511,202
511,762
511,685
511,186
202,762
202,685
202,186
762,685
762,186
685,186
603,152
603,612
603,244
603,604
603,187
152,612
152,244
152,604
152,187
612,244
612,604
612,187
244,604
244,187
604,187
295,584
295,186
295,588
295,258
295,189
584,186
584,588
584,258
186,588
186,258
186,189
588,258
588,189
258,189
376,594
376,780
376,265
376,621
376,191
594,780
594,265
594,621
780,265
780,621
780,191
265,621
265,191
621,191
561,295
561,276
561,656
561,120
295,276
295,656
295,120
295,192
276,120
276,192
656,120
656,192
120,192
200,96
200,702
200,182
200,718
200,194
96,702
96,182
96,718
96,194
702,182
702,718
702,194
182,718
182,194
718,194
192,631
192,400
192,630
192,551
192,196
631,400
631,630
631,551
631,196
400,630
400,551
400,196
630,551
630,196
551,196
341,780
341,586
341,696
341,263
341,197
780,586
780,696
780,263
780,197
586,696
586,263
696,263
696,197
263,197
66,611
66,791
66,697
66,279
66,200
611,791
611,697
611,279
611,200
791,697
791,279
791,200
697,279
697,200
279,200
189,59
189,399
189,585
189,139
189,202
59,399
59,585
59,139
59,202
399,585
399,139
399,202
585,139
585,202
139,202
565,183
565,275
565,352
565,556
183,275
183,352
183,556
183,204
275,352
275,556
275,204
352,556
352,204
556,204
582,253
582,181
582,339
582,205
210,253
210,181
210,339
210,205
253,181
253,339
253,205
181,339
181,205
339,205
546,545
546,719
546,232
546,251
546,206
545,719
545,232
545,251
719,232
719,251
719,206
232,251
232,206
251,206
267,546
267,637
267,747
267,333
267,207
546,637
546,747
546,333
637,747
637,333
637,207
747,333
747,207
333,207
343,377
343,317
343,360
343,208
723,377
723,317
723,360
723,208
377,317
377,360
377,208
317,360
317,208
360,208
576,658
576,275
576,790
576,674
576,210
658,275
658,790
658,674
658,210
275,790
275,674
275,210
790,674
790,210
674,210
649,314
649,643
649,641
649,211
314,229
314,643
314,641
314,211
229,643
229,641
229,211
643,641
643,211
641,211
619,296
619,540
619,715
619,221
296,540
296,221
296,212
540,715
540,221
540,212
715,221
715,212
221,212
50,217
50,619
50,270
50,621
50,214
217,619
217,270
217,214
619,270
619,621
619,214
270,621
270,214
621,214
571,316
571,747
571,341
571,663
316,747
316,341
316,663
316,216
747,341
747,663
747,216
341,663
341,216
663,216
622,181
622,121
622,624
622,376
622,217
181,121
181,624
181,376
181,217
121,624
121,376
121,217
624,376
624,217
376,217
50,623
50,622
50,711
50,797
50,221
623,622
623,711
623,797
623,221
622,711
622,797
711,797
711,221
797,221
249,547
249,638
249,719
249,635
249,223
547,638
547,719
547,635
638,719
638,635
638,223
719,635
719,223
635,223
619,617
619,376
619,711
619,239
619,225
617,376
617,711
617,239
376,711
376,239
376,225
711,225
239,225
673,395
673,759
673,275
673,228
253,395
253,759
253,275
253,228
395,759
395,275
395,228
759,275
759,228
275,228
352,310
352,646
352,642
352,229
310,725
310,646
310,642
310,229
725,646
725,642
725,229
646,642
646,229
642,229
341,347
341,662
341,769
341,377
341,231
347,662
347,769
347,377
347,231
662,769
662,377
769,377
769,231
377,231
207,638
207,308
207,722
207,262
207,232
638,308
638,722
638,262
308,722
308,262
308,232
722,262
722,232
262,232
275,747
275,661
275,667
275,250
275,233
747,661
747,667
747,250
747,233
661,667
661,250
667,250
667,233
250,233
697,181
697,794
697,354
697,792
181,794
181,354
181,792
181,237
794,792
794,237
354,792
354,237
792,237
265,217
265,710
265,221
265,618
265,239
217,710
217,221
217,618
217,239
710,221
710,618
710,239
221,618
221,239
618,239
546,262
546,547
546,639
546,724
546,242
262,547
262,639
262,724
262,242
547,639
547,724
547,242
639,724
639,242
724,242
279,265
279,396
279,703
279,700
279,244
265,396
265,703
265,700
265,244
396,703
396,700
396,244
703,700
700,244
630,656
630,742
630,649
630,245
300,656
300,742
300,649
300,245
656,742
656,649
656,245
742,649
742,245
649,245
250,316
250,665
250,313
250,748
250,248
316,665
316,313
316,748
316,248
665,313
665,748
313,748
313,248
748,248
640,333
640,639
640,632
640,232
640,249
333,639
333,632
333,232
333,249
639,632
639,232
632,232
632,249
232,249
341,338
341,666
341,765
341,752
341,250
338,666
338,765
338,250
666,765
666,752
666,250
765,752
765,250
752,250
267,722
267,724
267,380
267,635
267,251
722,724
722,635
722,251
724,380
724,635
724,251
380,635
380,251
635,251
674,578
674,758
674,341
674,389
674,253
578,758
578,341
578,389
578,253
758,341
758,389
758,253
341,389
341,253
389,253
731,273
731,652
731,352
731,739
731,255
273,652
273,352
273,739
273,255
652,352
652,739
652,255
352,739
352,255
739,255
180,766
180,319
180,762
180,742
180,258
766,319
766,762
766,742
766,258
319,742
319,258
762,742
762,258
742,258
731,576
731,378
731,263
731,261
576,373
576,378
576,263
576,261
373,378
373,263
373,261
378,263
378,261
263,261
719,747
719,632
719,263
719,633
719,262
747,632
747,263
747,633
747,262
632,263
632,633
632,262
263,633
263,262
633,262
216,660
216,665
216,661
216,666
216,263
660,665
660,661
660,666
665,661
665,666
665,263
661,666
661,263
666,263
707,794
707,706
707,610
707,299
794,706
794,610
794,299
794,265
706,610
706,299
706,265
610,299
610,265
299,265
323,540
323,376
323,628
323,135
323,266
540,376
540,628
540,135
540,266
376,628
376,135
376,266
628,135
628,266
135,266
719,242
719,640
719,308
719,267
242,308
242,371
242,267
640,308
640,371
640,267
308,371
308,267
371,267
797,376
797,710
797,715
797,270
376,710
376,715
376,359
376,270
710,715
710,359
715,359
715,270
359,270
314,642
314,288
314,245
314,295
314,272
642,245
642,295
642,272
288,245
288,295
288,272
245,295
245,272
295,272
261,655
261,732
261,228
261,758
261,273
655,732
655,228
655,758
732,228
732,758
732,273
228,758
228,273
758,273
680,765
680,586
680,366
680,689
765,586
765,366
765,689
765,275
586,366
586,689
586,275
366,689
366,275
689,275
294,189
294,245
294,678
294,766
294,276
189,245
189,678
189,766
189,276
245,678
245,766
245,276
678,766
678,276
766,276
341,366
341,781
341,690
341,775
341,278
366,781
366,690
366,775
366,278
781,690
781,775
781,278
690,775
775,278
706,603
706,96
706,792
706,324
603,96
603,792
603,324
603,279
96,792
96,324
96,279
792,324
792,279
324,279
649,646
649,658
649,294
649,551
649,288
646,658
646,294
646,551
646,288
658,294
658,551
658,288
294,551
294,288
551,288
339,651
339,576
339,352
339,756
339,292
651,576
651,352
651,756
651,292
576,352
576,756
576,292
352,756
352,292
756,292
702,386
702,181
702,324
702,791
386,181
386,324
386,791
386,293
181,324
181,791
181,293
324,293
791,293
258,192
258,682
258,202
258,304
258,294
192,682
192,202
192,304
192,294
682,202
682,304
202,304
202,294
304,294
685,766
685,59
685,304
685,379
766,59
766,304
766,379
766,295
59,304
59,379
59,295
304,379
304,295
379,295
376,718
376,214
376,366
376,324
376,296
718,214
718,366
718,324
718,296
214,366
214,324
214,296
366,324
366,296
324,296
703,389
703,376
703,697
703,702
703,299
389,376
389,697
389,702
389,299
376,697
376,702
376,299
697,702
697,299
702,299
192,743
192,383
192,379
192,542
192,300
743,383
743,542
743,300
383,379
383,542
383,300
379,542
379,300
542,300
189,762
189,145
189,656
189,583
189,304
762,145
762,656
762,583
762,304
145,656
145,583
145,304
656,583
656,304
583,304
546,632
546,380
546,723
546,550
546,308
632,380
632,723
632,550
380,723
380,550
380,308
723,550
723,308
550,308
341,358
341,778
341,348
341,312
341,309
358,778
358,348
358,312
358,309
778,348
778,312
778,309
348,312
348,309
312,309
643,658
643,552
643,245
643,399
658,552
658,245
658,399
658,310
552,245
552,399
552,310
245,399
245,310
399,310
376,384
376,689
376,278
376,772
376,312
384,689
384,278
384,772
384,312
689,278
689,772
278,772
278,312
772,312
341,346
341,750
341,667
341,327
341,313
346,750
346,667
346,327
346,313
750,667
750,327
750,313
667,327
667,313
327,313
646,399
646,766
646,192
646,731
399,192
399,731
399,314
766,192
766,731
766,314
192,731
192,314
731,314
263,667
263,338
263,746
263,231
263,316
667,338
667,746
667,231
338,746
338,231
338,316
746,231
746,316
231,316
386,550
386,339
386,355
386,389
386,317
550,339
550,355
550,389
550,317
339,355
339,389
339,317
355,389
355,317
389,317
294,683
294,583
294,352
294,379
294,319
683,583
683,352
683,379
683,319
583,352
583,379
583,319
352,379
352,319
379,319
799,710
799,181
799,718
799,619
710,181
710,718
710,619
710,323
181,718
181,619
181,323
718,619
718,323
619,323
700,200
700,361
700,389
700,793
700,324
200,361
200,389
200,793
200,324
361,389
361,793
361,324
389,793
389,324
793,324
263,748
263,663
263,233
263,752
263,327
748,663
748,233
748,752
663,233
663,752
663,327
233,752
233,327
752,327
341,360
341,772
341,779
341,369
341,331
360,779
360,369
360,331
772,779
772,369
772,331
779,369
779,331
369,331
724,719
724,550
724,316
724,731
719,550
719,316
719,731
719,333
550,316
550,731
550,333
316,731
316,333
731,333
747,748
747,347
747,376
747,338
748,346
748,347
748,376
748,338
346,347
346,376
346,338
347,376
347,338
376,338
658,758
658,759
658,388
658,731
658,339
758,759
758,388
758,731
758,339
759,388
759,731
388,731
388,339
731,339
771,776
771,782
771,689
771,345
776,782
776,689
776,345
776,341
782,689
782,345
782,341
689,345
689,341
345,341
380,371
380,333
380,206
380,355
380,343
371,333
371,206
371,355
371,343
333,206
333,355
333,343
206,355
206,343
355,343
781,799
781,778
781,178
781,779
799,778
799,178
799,779
799,345
778,178
778,779
778,345
178,779
178,345
779,345
316,377
316,752
316,267
316,658
316,346
377,752
377,267
377,658
377,346
752,267
752,658
752,346
267,658
267,346
658,346
316,750
316,666
316,360
316,233
316,347
750,666
750,360
750,233
666,360
666,233
666,347
360,233
360,347
233,347
376,769
376,765
376,263
376,775
376,348
769,765
769,263
769,775
765,263
765,775
765,348
263,775
263,348
775,348
641,288
641,742
641,743
641,373
641,352
288,742
288,743
288,373
288,352
742,743
742,373
742,352
743,373
743,352
373,352
341,384
341,361
341,191
341,787
341,353
384,361
384,191
384,787
384,353
361,191
361,787
361,353
191,787
191,353
787,353
376,386
376,609
376,707
376,396
376,354
386,609
386,707
386,396
386,354
609,707
609,396
609,354
707,396
707,354
396,354
731,756
731,395
731,674
731,723
731,355
756,395
756,674
756,723
756,355
395,674
395,723
395,355
674,723
674,355
723,355
780,366
780,353
780,779
780,771
366,353
366,771
366,358
353,779
353,771
353,358
779,771
779,358
771,358
152,617
152,366
152,221
152,621
152,359
617,366
617,221
617,621
617,359
366,221
366,621
366,359
221,621
221,359
621,359
366,384
366,348
366,345
366,550
366,360
384,348
384,345
384,550
384,360
348,345
348,550
348,360
345,550
345,360
550,360
181,396
181,790
181,299
181,366
181,361
396,790
396,299
396,366
396,361
790,299
790,366
790,361
299,366
299,361
366,361
776,772
776,309
776,797
776,265
776,366
772,309
772,797
772,265
772,366
309,797
309,265
309,366
797,265
797,366
265,366
275,776
275,775
275,358
275,384
275,369
776,775
776,358
776,384
775,358
775,369
358,384
358,369
384,369
632,722
632,637
632,545
632,731
632,371
722,637
722,545
722,731
722,371
637,545
637,731
637,371
545,731
545,371
731,371
658,395
658,732
658,739
658,651
658,373
395,732
395,739
395,651
395,373
732,739
732,651
732,373
739,651
739,373
651,373
369,345
369,309
369,690
369,696
369,376
345,309
345,690
345,696
345,376
309,690
309,376
690,696
690,376
696,376
263,550
263,750
263,756
263,250
263,377
550,750
550,756
550,250
550,377
750,756
750,250
750,377
756,250
756,377
250,377
739,267
739,756
739,388
739,655
267,756
267,388
267,655
267,378
756,655
756,378
388,655
388,378
655,378
742,276
742,587
742,272
742,682
742,379
276,587
276,272
276,682
276,379
587,272
587,682
587,379
272,682
272,379
682,379
719,207
719,639
719,338
719,173
719,380
207,639
207,338
207,173
207,380
639,338
639,173
639,380
338,173
338,380
173,380
294,742
294,685
294,314
294,310
294,383
742,685
742,314
742,310
685,314
685,310
685,383
314,310
314,383
310,383
780,690
780,769
780,782
780,778
780,384
690,769
690,782
690,778
690,384
769,782
769,778
769,384
782,778
782,384
778,384
787,265
787,793
787,790
787,792
265,793
265,790
265,792
265,386
793,790
793,792
793,386
790,792
790,386
792,386
674,373
674,255
674,316
674,292
674,388
373,255
373,316
373,292
373,388
255,316
255,292
255,388
316,292
316,388
292,388
181,787
181,275
181,309
181,244
181,389
787,275
787,309
787,244
787,389
275,309
275,244
275,389
309,244
309,389
244,389
758,576
758,316
758,376
758,787
576,316
576,376
576,787
576,395
316,376
316,787
316,395
376,787
376,395
787,395
341,792
341,791
341,187
341,194
341,396
792,791
792,187
792,194
792,396
791,187
791,194
791,396
187,194
187,396
194,396
383,304
383,678
383,186
383,649
383,399
304,186
304,649
304,399
678,186
678,649
678,399
186,649
186,399
649,399
480,542
480,561
480,417
480,155
480,400
542,561
542,417
542,155
542,400
561,417
561,155
561,400
417,155
417,400
155,400
405,477
405,414
405,60
405,569
405,403
477,414
477,60
477,569
477,403
414,60
414,569
414,403
60,569
60,403
569,403
406,109
406,484
406,570
406,173
406,405
109,484
109,570
109,173
109,405
484,570
484,173
484,405
570,173
570,405
173,405
407,492
407,569
407,547
407,574
407,406
492,569
492,547
492,574
492,406
569,547
569,574
569,406
547,574
547,406
574,406
52,106
52,104
52,60
52,484
106,104
106,60
106,484
106,407
104,60
104,484
104,407
60,484
60,407
484,407
409,417
409,211
409,73
409,552
409,408
417,211
417,73
417,552
417,408
211,73
211,408
73,552
73,408
552,408
486,400
486,180
486,44
486,229
486,409
400,180
400,229
400,409
180,44
180,229
180,409
44,229
44,409
229,409
484,488
484,507
484,37
484,408
484,414
488,507
488,37
488,408
488,414
507,37
507,408
507,414
37,408
37,414
408,414
486,432
486,511
486,510
486,584
486,417
432,511
432,510
432,584
432,417
511,510
511,584
511,417
510,584
510,417
584,417
104,568
104,516
104,263
104,517
104,422
568,516
568,263
568,517
568,422
516,263
516,517
516,422
263,517
263,422
517,422
428,445
428,446
428,414
428,453
428,424
445,446
445,414
445,453
445,424
446,414
446,453
446,424
414,453
414,424
453,424
428,507
428,116
428,523
428,610
428,425
507,116
507,523
507,610
507,425
116,523
116,610
116,425
523,610
523,425
610,425
181,194
181,13
181,488
181,428
194,604
194,13
194,488
194,428
604,13
604,488
604,428
13,488
13,428
488,428
180,73
180,399
180,561
180,42
180,432
73,399
73,561
73,42
73,432
399,561
399,42
399,432
561,42
561,432
42,432
50,46
50,55
50,436
50,91
50,433
46,55
46,436
46,91
55,436
55,91
55,433
436,91
436,433
91,433
521,442
521,91
521,457
521,100
521,434
442,91
442,457
442,100
442,434
91,457
91,100
91,434
457,100
457,434
100,434
440,517
440,442
440,522
440,35
440,436
517,442
517,522
517,35
517,436
442,522
442,436
522,35
522,436
35,436
46,35
46,460
46,441
46,130
46,438
35,460
35,441
35,130
35,438
460,441
460,130
460,438
441,130
441,438
130,438
152,433
152,72
152,601
152,458
152,440
433,72
433,601
433,458
433,440
72,601
72,458
72,440
601,458
601,440
458,440
72,442
72,28
72,121
72,70
72,441
442,28
442,121
442,70
442,441
28,121
28,70
28,441
121,70
121,441
70,441
537,23
537,46
537,96
537,526
537,442
23,46
23,96
23,526
23,442
46,96
46,526
46,442
96,526
96,442
526,442
434,433
434,15
434,33
434,460
434,443
433,15
433,33
433,460
433,443
15,33
15,460
33,460
33,443
460,443
96,627
96,454
96,604
96,463
96,445
627,454
627,604
627,463
627,445
454,604
454,463
454,445
604,463
604,445
463,445
181,187
181,443
181,3
181,20
181,446
187,443
187,3
187,20
187,446
443,3
443,20
443,446
3,20
3,446
20,446
50,611
50,37
50,187
50,702
50,451
611,37
611,187
611,702
611,451
37,187
37,702
37,451
187,702
187,451
702,451
66,454
66,610
66,519
66,3
66,453
454,610
454,519
454,3
454,453
610,519
610,3
610,453
519,3
519,453
3,453
69,152
69,455
69,37
69,194
69,454
152,455
152,37
152,194
152,454
455,37
455,194
455,454
37,194
37,454
194,454
265,150
265,523
265,445
265,25
265,455
150,523
150,445
150,25
150,455
523,445
523,25
523,455
445,25
445,455
25,455
50,445
50,603
50,32
50,456
445,458
445,603
445,32
445,456
458,603
458,32
458,456
603,32
603,456
32,456
620,537
620,28
620,443
620,624
620,457
537,28
537,443
537,624
537,457
28,443
28,624
28,457
443,624
443,457
624,457
66,462
66,460
66,160
66,119
66,458
462,460
462,160
462,119
462,458
460,160
460,119
460,458
160,119
160,458
119,458
540,20
540,438
540,160
540,23
540,459
20,438
20,160
20,23
20,459
438,160
438,23
438,459
160,23
160,459
23,459
620,38
620,470
620,55
620,14
620,460
38,470
38,55
38,14
38,460
470,55
470,14
470,460
55,14
55,460
14,460
618,540
618,15
618,536
618,101
618,462
540,15
540,536
540,101
540,462
15,536
15,101
15,462
536,101
536,462
101,462
464,181
464,30
464,59
464,612
464,463
181,30
181,59
181,612
181,463
30,59
30,612
30,463
59,612
59,463
612,463
67,451
67,446
67,455
67,537
67,464
451,446
451,455
451,537
451,464
446,455
446,537
446,464
455,537
455,464
537,464
152,470
152,539
152,163
152,465
624,470
624,539
624,163
624,465
470,539
470,163
470,465
539,163
539,465
163,465
537,618
537,143
537,147
537,68
537,470
618,143
618,147
618,68
618,470
143,147
143,68
143,470
147,68
147,470
68,470
109,48
109,547
109,571
109,637
48,547
48,571
48,637
48,473
547,571
547,637
547,473
571,637
571,473
637,473
403,548
403,555
403,570
403,640
403,474
548,555
548,570
548,640
548,474
555,570
555,640
555,474
570,640
570,474
640,474
80,407
80,546
80,149
80,570
80,477
407,546
407,149
407,570
407,477
546,149
546,570
546,477
149,570
149,477
570,477
649,189
649,73
649,683
649,642
649,480
189,73
189,683
189,642
189,480
73,683
73,642
73,480
683,642
683,480
642,480
576,556
576,564
576,649
576,582
576,484
556,564
556,649
556,582
556,484
564,649
564,582
564,484
649,582
649,484
582,484
587,588
587,583
587,561
587,36
587,486
588,583
588,561
588,36
588,486
583,561
583,36
583,486
561,36
561,486
36,486
652,582
652,581
652,566
652,673
652,488
582,581
582,566
582,673
582,488
581,566
581,673
581,488
566,673
566,488
673,488
263,570
263,571
263,572
263,168
263,492
570,571
570,572
570,168
570,492
571,572
571,168
571,492
572,168
572,492
168,492
107,263
107,154
107,574
107,146
263,154
263,574
263,146
263,495
154,574
154,146
154,495
574,146
574,495
146,495
149,572
149,666
149,680
149,146
149,497
572,666
572,680
572,497
666,680
666,146
666,497
680,146
680,497
146,497
94,104
94,582
94,174
94,265
94,507
104,582
104,174
104,265
104,507
582,174
582,265
582,507
174,265
174,507
265,507
59,192
59,145
59,319
59,116
59,510
192,145
192,319
192,116
192,510
145,319
145,116
145,510
319,116
319,510
116,510
189,120
189,515
189,682
189,157
189,511
120,515
120,682
120,157
120,511
515,682
515,157
515,511
682,157
682,511
157,511
294,186
294,432
294,58
294,96
294,515
186,432
186,58
186,96
186,515
432,58
432,96
432,515
58,96
58,515
96,515
592,87
592,521
592,599
592,436
592,516
87,521
87,599
87,436
521,599
521,436
521,516
599,436
599,516
436,516
441,100
441,601
441,519
441,599
441,517
100,601
100,519
100,599
601,519
601,599
601,517
519,599
519,517
599,517
516,101
516,434
516,440
516,96
516,519
101,434
101,440
101,96
101,519
434,440
434,96
434,519
440,96
440,519
96,519
536,522
536,526
536,1
536,14
536,521
522,526
522,1
522,14
522,521
526,1
526,14
526,521
1,14
1,521
14,521
519,50
519,70
519,178
519,87
519,522
50,70
50,178
50,87
50,522
70,178
70,87
70,522
178,87
178,522
87,522
181,707
181,576
181,522
181,700
181,523
707,576
707,522
707,700
707,523
576,522
576,700
576,523
522,700
522,523
700,523
130,519
130,780
130,617
130,72
519,780
519,617
519,72
519,526
780,617
780,72
780,526
617,72
617,526
72,526
627,457
627,710
627,70
627,623
627,536
457,710
457,70
457,623
457,536
710,70
710,623
710,536
70,623
70,536
623,536
86,626
86,185
86,163
86,35
626,185
626,163
626,35
626,537
185,163
185,35
185,537
163,35
163,537
35,537
50,28
50,130
50,470
50,799
50,538
28,130
28,470
28,799
28,538
130,470
130,799
130,538
470,799
470,538
799,538
66,135
66,147
66,621
66,433
66,539
135,147
135,621
135,433
135,539
147,621
147,433
147,539
621,433
621,539
433,539
539,627
539,626
539,68
539,718
539,540
627,626
627,68
627,718
627,540
626,68
626,718
626,540
68,718
68,540
718,540
631,649
631,83
631,276
631,310
631,542
649,83
649,276
649,310
649,542
83,276
83,310
83,542
276,310
276,542
310,542
223,633
223,207
223,242
223,316
223,545
633,207
633,242
633,316
633,545
207,242
207,316
207,545
242,316
242,545
316,545
638,316
638,371
638,660
638,655
638,546
316,371
316,660
316,655
316,546
371,660
371,655
371,546
660,655
660,546
655,546
633,640
633,477
633,206
633,666
633,547
640,477
640,206
640,666
640,547
477,206
477,666
477,547
206,666
206,547
666,547
547,263
547,52
547,207
547,251
547,548
263,52
263,207
263,251
263,548
52,207
52,251
52,548
207,251
207,548
251,548
208,347
208,746
208,267
208,206
347,746
347,267
347,206
347,550
746,267
746,206
746,550
267,206
267,550
206,550
352,211
352,245
352,480
352,587
352,551
211,245
211,480
211,587
211,551
245,480
245,587
245,551
480,587
480,551
587,551
641,551
641,642
641,180
641,656
641,552
551,642
551,180
551,656
551,552
642,180
642,656
642,552
180,656
180,552
656,552
658,655
658,484
658,673
658,184
658,555
655,484
655,673
655,184
655,555
484,673
484,184
484,555
673,184
673,555
184,555
488,655
488,731
488,210
488,578
488,556
655,731
655,210
655,578
655,556
731,210
731,578
731,556
210,578
210,556
578,556
189,510
189,211
189,685
189,743
189,561
510,211
510,685
510,743
510,561
211,685
211,743
211,561
685,743
685,561
743,561
204,555
204,177
204,569
204,228
204,564
555,177
555,569
555,228
555,564
177,569
177,228
177,564
569,228
569,564
228,564
566,649
566,555
566,263
566,273
566,565
649,555
649,263
649,273
649,565
555,263
555,273
555,565
263,273
263,565
273,565
564,116
564,205
564,174
564,587
564,566
116,205
116,174
116,587
116,566
205,174
205,587
205,566
174,587
174,566
587,566
570,665
570,574
570,124
570,60
570,568
665,574
665,124
665,60
665,568
574,124
574,60
574,568
124,60
124,568
60,568
263,173
263,248
263,781
263,680
263,569
173,248
173,781
173,680
173,569
248,781
248,680
248,569
781,680
781,569
680,569
661,497
661,663
661,781
661,564
661,570
497,663
497,781
497,564
497,570
663,781
663,564
663,570
781,564
781,570
564,570
104,661
104,248
104,495
104,267
104,571
661,248
661,495
661,267
661,571
248,495
248,267
248,571
495,267
495,571
267,571
495,781
495,124
495,216
495,233
495,572
781,124
781,216
781,233
781,572
124,216
124,233
124,572
216,233
216,572
233,572
158,316
158,149
158,661
158,422
158,574
316,149
316,661
316,422
316,574
149,661
149,422
149,574
661,422
661,574
422,574
578,581
578,759
578,273
578,792
578,576
581,759
581,273
581,792
581,576
759,273
759,792
759,576
273,792
273,576
792,576
205,265
205,177
205,697
205,395
265,177
265,697
265,395
265,578
177,697
177,395
177,578
697,395
697,578
395,578
210,228
210,265
210,565
210,484
210,581
228,265
228,565
228,484
228,581
265,565
265,484
265,581
565,484
565,581
484,581
700,111
700,275
700,157
700,758
700,582
111,275
111,157
111,758
111,582
275,157
275,758
275,582
157,758
157,582
758,582
192,584
192,132
192,678
192,73
192,583
584,132
584,678
584,73
584,583
132,678
132,73
132,583
678,73
678,583
73,583
294,561
294,145
294,157
294,229
294,584
561,145
561,157
561,229
561,584
145,157
145,229
145,584
157,229
157,584
229,584
192,515
192,588
192,762
192,94
192,585
515,588
515,762
515,94
515,585
588,762
588,94
588,585
762,94
762,585
94,585
376,771
376,168
376,592
376,495
376,586
771,168
771,592
771,495
771,586
168,592
168,495
168,586
592,495
592,586
495,586
120,432
120,678
120,743
120,83
120,587
432,678
432,743
432,83
432,587
678,743
678,83
678,587
743,83
743,587
83,587
682,399
682,510
682,58
682,656
682,588
399,510
399,58
399,656
399,588
510,58
510,656
510,588
58,656
58,588
656,588
696,526
696,517
696,265
696,107
696,592
526,517
526,265
526,107
526,592
517,265
517,107
517,592
265,107
265,592
107,592
696,781
696,104
696,599
696,101
696,594
781,104
781,599
781,101
781,594
104,599
104,101
104,594
599,101
599,594
101,594
341,170
341,526
341,70
341,621
341,599
170,526
170,70
170,621
170,599
526,70
526,621
526,599
70,621
70,599
621,599
376,91
376,70
376,626
376,23
376,601
91,70
91,626
91,23
91,601
70,626
70,23
70,601
626,23
626,601
23,601
265,451
265,111
265,791
265,617
265,603
451,111
451,791
451,617
451,603
111,791
111,617
111,603
791,617
791,603
617,603
265,453
265,91
265,456
265,183
265,604
453,91
453,456
453,183
453,604
91,456
91,183
91,604
456,183
456,604
183,604
791,612
791,96
791,703
791,794
791,609
612,96
612,703
612,794
612,609
96,703
96,794
96,609
703,794
703,609
794,609
604,517
604,609
604,279
604,228
604,610
517,609
517,279
517,228
517,610
609,279
609,228
609,610
279,228
279,610
228,610
96,244
96,299
96,237
96,793
96,611
244,299
244,237
244,793
244,611
299,237
299,793
299,611
237,793
237,611
793,611
182,697
182,706
182,50
182,700
697,706
697,50
697,700
697,612
706,50
706,700
706,612
50,700
50,612
700,612
710,622
710,178
710,214
710,101
710,617
622,178
622,214
622,101
622,617
178,214
178,101
178,617
214,101
214,617
101,617
621,163
621,622
621,72
621,38
621,618
163,622
163,72
163,38
622,72
622,38
622,618
72,38
72,618
38,618
620,265
620,623
620,359
620,266
620,619
265,623
265,359
265,266
265,619
623,359
623,266
623,619
359,266
359,619
266,619
121,221
121,46
121,270
121,718
121,620
221,46
221,270
221,718
221,620
46,270
46,718
46,620
270,718
270,620
718,620
710,711
710,266
710,624
710,32
710,621
711,266
711,624
711,32
711,621
266,624
266,32
266,621
624,32
624,621
32,621
265,799
265,536
265,225
265,626
265,622
799,536
799,225
799,626
799,622
536,225
536,626
536,622
225,626
225,622
626,622
181,628
181,621
181,150
181,225
181,623
628,621
628,150
628,225
628,623
621,150
621,225
621,623
150,225
150,623
225,623
626,178
626,623
626,526
626,38
626,624
178,623
178,526
178,38
178,624
623,526
623,38
623,624
526,38
526,624
38,624
50,599
50,323
50,462
50,610
50,626
599,323
599,462
599,610
599,626
323,462
323,610
323,626
462,610
462,626
610,626
181,119
181,86
181,212
181,55
181,627
119,86
119,212
119,55
119,627
86,212
86,55
86,627
212,55
212,627
55,627
537,270
537,711
537,799
537,101
537,628
270,711
270,799
270,101
270,628
711,799
711,101
711,628
799,101
799,628
101,628
352,276
352,383
352,643
352,762
352,630
276,383
276,643
276,762
276,630
383,643
383,762
383,630
643,762
643,630
762,630
352,300
352,561
352,314
352,44
352,631
300,561
300,314
300,44
300,631
561,314
561,44
561,631
314,44
314,631
44,631
724,207
724,206
724,109
724,752
724,632
207,206
207,109
207,752
207,632
206,109
206,752
206,632
109,752
109,632
752,632
635,639
635,637
635,308
635,106
635,633
639,637
639,308
639,106
639,633
637,308
637,106
637,633
308,106
308,633
106,633
546,750
546,663
546,665
546,731
546,635
750,663
750,665
750,731
750,635
663,665
663,731
663,635
665,731
665,635
731,635
638,251
638,242
638,173
638,666
638,637
251,242
251,173
251,666
242,173
242,666
242,637
173,666
173,637
666,637
263,206
263,473
263,346
263,662
263,638
206,473
206,346
206,662
206,638
473,346
473,662
473,638
346,662
346,638
662,638
722,223
722,206
722,747
722,231
722,639
223,206
223,747
223,231
223,639
206,747
206,231
206,639
747,231
747,639
231,639
724,545
724,173
724,747
724,739
724,640
545,173
545,747
545,739
545,640
173,747
173,739
173,640
747,739
747,640
739,640
192,310
192,204
192,651
192,683
192,641
310,204
310,651
310,683
310,641
204,651
204,683
204,641
651,683
651,641
683,641
643,155
643,631
643,294
643,743
643,642
155,631
155,294
155,743
155,642
631,294
631,743
631,642
294,743
294,642
743,642
646,272
646,561
646,655
646,255
646,643
272,561
272,655
272,255
272,643
561,655
561,255
561,643
655,255
655,643
255,643
211,155
211,742
211,295
211,261
211,646
155,742
155,295
155,261
155,646
742,295
742,261
742,646
295,261
295,646
261,646
725,180
725,174
725,743
725,204
725,649
180,174
180,743
180,204
180,649
174,743
174,204
174,649
743,204
743,649
204,649
731,673
731,177
731,267
731,157
731,651
673,177
673,267
673,157
673,651
177,267
177,157
177,651
267,157
267,651
157,651
261,205
261,267
261,759
261,204
205,267
205,759
205,204
205,652
267,759
267,204
267,652
759,204
759,652
204,652
651,263
651,759
651,674
651,564
651,655
263,759
263,674
263,564
263,655
759,674
759,564
759,655
674,564
674,655
564,655
294,272
294,211
294,139
294,196
294,656
272,211
272,139
272,196
272,656
211,139
211,196
211,656
139,196
139,656
196,656
204,255
204,756
204,253
204,295
204,658
255,756
255,253
255,295
255,658
756,253
756,295
756,658
253,295
253,658
295,658
275,267
275,663
275,313
275,231
275,660
267,663
267,313
267,231
267,660
663,313
663,231
663,660
313,231
313,660
231,660
662,752
662,154
662,313
662,572
662,661
752,154
752,313
752,572
752,661
154,313
154,572
154,661
313,572
313,661
572,661
146,747
146,248
146,660
146,746
146,662
747,248
747,660
747,746
747,662
248,660
248,746
248,662
660,746
660,662
746,662
667,771
667,666
667,662
667,492
667,663
771,666
771,662
771,492
771,663
666,662
666,492
666,663
662,492
662,663
492,663
752,747
752,569
752,168
752,576
752,665
747,569
747,168
747,576
747,665
569,168
569,576
569,665
168,576
168,665
576,665
747,313
747,658
747,689
747,781
747,666
313,658
313,689
313,781
658,689
658,781
658,666
689,781
689,666
781,666
752,248
752,376
752,546
752,779
752,667
248,376
248,546
248,779
248,667
376,546
376,779
376,667
546,779
546,667
779,667
263,758
263,210
263,174
263,739
263,673
758,210
758,174
758,739
758,673
210,174
210,739
210,673
174,739
174,673
739,673
339,673
339,399
339,732
339,376
339,674
673,399
673,732
673,376
673,674
399,732
399,376
399,674
732,376
732,674
376,674
762,682
762,561
762,59
762,658
762,678
682,561
682,59
682,658
682,678
561,59
561,658
561,678
59,658
59,678
658,678
341,665
341,658
341,154
341,233
341,680
665,658
665,154
665,233
665,680
658,154
658,233
658,680
154,233
154,680
233,680
295,319
295,132
295,383
295,576
295,682
319,132
319,383
319,576
319,682
132,383
132,576
132,682
383,576
383,682
576,682
295,511
295,139
295,743
295,177
295,683
511,139
511,743
511,177
511,683
139,743
139,177
139,683
743,177
743,683
177,683
399,319
399,120
399,177
399,229
399,685
319,120
319,177
319,229
319,685
120,177
120,229
120,685
177,229
177,685
229,685
780,348
780,369
780,752
780,231
780,689
348,369
348,752
348,231
348,689
369,752
369,231
369,689
752,231
752,689
231,689
275,772
275,353
275,348
275,594
275,690
772,353
772,348
772,594
772,690
353,348
353,594
353,690
348,594
348,690
594,690
778,366
778,191
778,170
778,711
778,696
366,191
366,170
366,711
366,696
191,170
191,711
191,696
170,711
170,696
711,696
707,341
707,244
707,324
707,790
707,697
341,244
341,324
341,790
341,697
244,324
244,790
244,697
324,790
324,697
790,697
299,791
299,165
299,278
299,787
791,165
791,278
791,787
791,700
165,278
165,787
165,700
278,787
278,700
787,700
265,354
265,361
265,296
265,781
265,702
354,361
354,296
354,781
354,702
361,296
361,781
361,702
296,781
296,702
781,702
706,165
706,187
706,790
706,696
706,703
165,187
165,790
165,696
165,703
187,790
187,696
187,703
790,696
790,703
696,703
376,244
376,791
376,361
376,205
376,706
244,791
244,361
244,205
244,706
791,361
791,205
791,706
361,205
361,706
205,706
96,623
96,275
96,361
96,165
96,707
623,275
623,361
623,165
623,707
275,361
275,165
275,707
361,165
361,707
165,707
540,341
540,522
540,706
540,538
540,710
341,522
341,706
341,538
341,710
522,706
522,538
522,710
706,538
706,710
538,710
181,626
181,618
181,780
181,135
181,711
626,618
626,780
626,135
626,711
618,780
618,135
618,711
780,135
780,711
135,711
225,214
225,266
225,537
225,194
225,715
214,266
214,537
214,194
214,715
266,537
266,194
266,715
537,194
537,715
194,715
265,537
265,160
265,278
265,130
265,718
537,160
537,278
537,130
537,718
160,278
160,130
160,718
278,130
278,718
130,718
722,723
722,378
722,746
722,109
722,719
723,378
723,746
723,109
723,719
378,746
378,109
378,719
746,109
746,719
109,719
546,666
546,377
546,748
546,373
546,722
666,377
666,748
666,373
666,722
377,748
377,373
377,722
748,373
748,722
373,722
267,232
267,263
267,732
267,331
267,723
232,263
232,732
232,331
232,723
263,732
263,331
263,723
732,331
732,723
331,723
249,637
249,263
249,313
249,347
249,724
637,263
637,313
637,347
637,724
263,313
263,347
263,724
313,347
313,724
347,724
643,288
643,731
643,656
643,292
643,725
288,731
288,656
288,292
288,725
731,656
731,292
731,725
656,292
656,725
292,725
732,174
732,253
732,207
732,746
732,731
174,253
174,207
174,746
174,731
253,207
253,746
253,731
207,746
207,731
746,731
355,378
355,652
355,292
355,747
378,652
378,292
378,747
378,732
652,292
652,747
652,732
292,747
292,732
747,732
261,292
261,177
261,253
261,546
261,739
292,177
292,253
292,546
292,739
177,253
177,546
177,739
253,546
253,739
546,739
192,658
192,229
192,186
192,292
192,742
658,229
658,186
658,742
229,186
229,292
229,742
186,292
186,742
292,742
245,292
245,682
245,646
245,145
245,743
292,682
292,646
292,145
292,743
682,646
682,145
682,743
646,145
646,743
145,743
377,275
377,327
377,331
377,665
275,327
275,331
275,665
275,746
327,331
327,665
327,746
331,665
331,746
665,746
327,769
327,232
327,242
327,771
327,747
769,232
769,242
769,771
769,747
232,242
232,771
232,747
242,771
242,747
771,747
267,341
267,223
267,574
267,262
267,748
341,223
341,574
341,262
341,748
223,574
223,262
223,748
574,262
574,748
262,748
747,765
747,251
747,780
747,339
747,750
765,251
765,780
765,339
765,750
251,780
251,339
251,750
780,339
780,750
339,750
750,275
750,771
750,655
750,333
750,752
275,771
275,655
275,333
275,752
771,655
771,333
771,752
655,333
655,752
333,752
758,747
758,373
758,205
758,399
758,756
747,373
747,205
747,399
747,756
373,205
373,399
373,756
205,399
205,756
399,756
651,378
651,233
651,780
651,792
651,758
378,233
378,780
378,792
378,758
233,780
233,792
233,758
780,792
780,758
792,758
341,756
341,177
341,210
341,183
341,759
756,177
756,210
756,183
756,759
177,210
177,183
177,759
210,183
210,759
183,759
294,120
294,576
294,552
294,486
294,762
120,576
120,552
120,486
120,762
576,552
576,486
576,762
552,486
552,762
486,762
316,331
316,771
316,312
316,197
316,765
331,771
331,312
331,197
771,312
771,197
771,765
312,197
312,765
197,765
587,383
587,658
587,656
587,157
587,766
383,658
383,656
383,157
383,766
658,656
658,157
658,766
656,157
656,766
157,766
275,312
275,779
275,191
275,666
275,769
312,779
312,191
312,666
312,769
779,191
779,666
779,769
191,666
191,769
666,769
781,369
781,576
781,250
781,107
781,771
369,576
369,250
369,107
369,771
576,250
576,107
576,771
250,107
250,771
107,771
780,775
780,386
780,345
780,347
780,772
775,386
775,345
775,347
775,772
386,345
386,347
386,772
345,347
345,772
347,772
779,689
779,316
779,309
779,662
779,775
689,316
689,309
689,662
689,775
316,309
316,662
316,775
309,662
309,775
662,775
376,778
376,250
376,360
376,231
376,776
778,250
778,360
778,231
778,776
250,360
250,231
250,776
360,231
360,776
231,776
275,278
275,197
275,592
275,797
275,778
278,197
278,592
278,797
278,778
197,592
197,797
197,778
592,797
592,778
797,778
690,776
690,263
690,792
690,170
690,779
776,263
776,792
776,170
776,779
263,792
263,170
263,779
792,170
792,779
170,779
793,312
793,776
793,592
793,178
793,780
312,776
312,592
312,178
312,780
776,592
776,178
776,780
592,178
592,780
178,780
776,769
776,197
776,152
776,158
776,781
769,197
769,152
769,158
769,781
197,152
197,158
197,781
152,158
152,781
158,781
275,360
275,799
275,697
275,217
275,782
360,799
360,697
360,217
360,782
799,697
799,217
799,782
697,217
697,782
217,782
396,706
396,702
396,780
396,210
396,787
706,702
706,780
706,210
706,787
702,780
702,210
702,787
780,210
780,787
210,787
376,253
376,700
376,794
376,293
376,790
253,700
253,794
253,293
253,790
700,794
700,293
700,790
794,293
794,790
293,790
389,182
389,354
389,152
389,791
182,790
182,354
182,152
182,791
790,354
790,152
790,791
354,152
354,791
152,791
361,703
361,210
361,604
361,293
703,210
703,604
703,293
703,792
210,604
210,293
210,792
604,293
604,792
293,792
396,697
396,781
396,293
396,339
697,781
697,293
697,339
697,793
781,293
781,339
781,793
293,339
293,793
339,793
324,611
324,396
324,275
324,323
324,794
611,396
611,275
611,323
611,794
396,275
396,323
396,794
275,323
275,794
323,794
341,152
341,239
341,296
341,323
341,797
152,239
152,296
152,323
152,797
239,296
239,323
239,797
296,323
296,797
323,797
152,780
152,266
152,609
152,309
152,799
780,266
780,609
780,309
780,799
266,609
266,309
266,799
609,309
609,799
309,799
2,454
643,310
428,37
458,50
515,139
578,205
354,794
130,526
355,732
766,399
52,407
202,588
346,747
352,725
403,4
408,36
488,116
217,621
48,406
178,599
484,94
168,574
473,109
154,570
619,212
594,191
185,628
106,477
73,486
674,317
104,492
480,83
245,631
662,231
539,119
660,263
33,470
100,517
425,47
379,743
210,582
587,180
656,276
635,262
265,707
16,405
722,380
443,15
389,790
459,28
640,242
72,521
152,624
547,223
465,68
682,294
214,623
91,519
581,183
345,781
288,642
177,556
216,571
723,343
780,358
314,646
568,149
208,550
120,510
80,474
204,565
424,3
300,630
384,775
200,609
249,639
441,14
697,237
160,620
793,396
652,261
576,228
377,746
293,702
536,121
706,279
13,414
586,197
537,86
724,333
779,366
610,187
266,718
56,463
388,756
400,44
711,239
146,572
196,542
752,338
304,678
497,124
569,158
433,46
696,309
540,110
323,799
312,689
221,622
132,511
538,135
618,163
546,207
1,436
555,174
658,292
339,759
769,348
244,703
792,361
432,59
232,638
194,611
451,69
250,663
248,665
313,666
192,561
685,295
395,758
673,253
748,327
462,38
601,150
603,165
548,173
66,455
584,189
604,181
649,229
460,20
446,30
762,319
157,566
251,637
347,750
442,35
464,31
386,787
96,523
409,42
731,373
434,70
376,782
60,422
324,791
690,278
776,369
612,182
742,383
273,655
680,275
797,359
552,211
667,316
633,267
378,739
155,551
545,206
272,641
417,58
225,617
516,87
627,143
632,308
299,700
360,772
507,111
592,170
626,147
445,63
371,719
32,457
25,453
522,101
438,55
186,583
184,564
710,270
233,661
651,255
353,778
258,683
456,67
107,495
771,341
296,715
440,23
331,765
585,145
